2004
Raihmist - Zadachnik po Matematike
    2350600C93BA411C7928644DB350B910
    http://alleng.org/d/math/math742.htm
    1.
        001,02,03,04,05,06,07,08,09
            1.007 - 1.419
        011,12,13,14,15,16,17,18,19
        021,22,23,24,25,26,27,28,29
        031,32,33,34,35,36,37,38,39
        041,42,43,44,45,46,47,48,49
        051,52,53,54,55,56,57,58,59
        061,62,63,64,65,66,67,68,69
        071,72,73,74,75,76,77,78,79
        081,82,83,84,85,86,87,88,89
        091,92,93,94
(103)   101,02,03,04,05,06,07,08,09,10
        111,12,13,14,15,16,17,18,19
        121,22,23,24,25,26,27,28,29,30
        131,32,33,34,35,36,37,38,39,40
        141
        151,52,53,54,55,56,57,58
        161,62,63,64,65
        ...
        181,82
        191
        201

2       001,02,03,04,05
        011,12
        021,22
        ...
        051
